000000049761
000000511076
000000434247
000000147498
000000166287
000000031322
000000490125
000000315001
000000296649
000000335081
000000120420
000000060823
000000558421
000000182441
000000516316
000000374052
000000342499
000000145366
000000568956
000000241392
000000492540
000000097195
000000518645
000000014713
000000227413
000000391979
000000208433
000000026010
000000501116
000000320396
000000057830
000000277594
000000440177
000000503502
000000457184
000000308195
000000061825
000000335200
000000405007
000000303163
000000391367
000000424793
000000262204
000000049763
000000268067
000000437506
000000432330
000000424222
000000147228
000000473420
000000309869
000000303439
000000017392
000000277145
000000411851
000000279961
000000430684
000000176195
000000261323
000000307930
000000338518
000000111867
000000503703
000000497162
000000300086
000000545959
000000089154
000000529667
000000387328
000000222958
000000542213
000000215845
000000210097
000000433373
000000354831
000000283748
000000241390
000000359722
000000134562
000000348175
000000444272
000000298817
000000262777
000000331307
000000231471
000000246376
000000491113
000000062250
000000385473
000000140783
000000560934
000000296235
000000139334
000000291980
000000254362
000000291770
000000118846
000000214009
000000273904
000000441535
000000557633
000000001912
000000209460
000000230593
000000529266
000000006066
000000276539
000000213389
000000412019
000000393984
000000052147
000000224733
000000094704
000000537066
000000472506
000000421823
000000409956
000000474759
000000309264
000000389869
000000064233
000000398756
000000102834
000000561180
000000033425
000000457383
000000266852
000000556248
000000080406
000000048256
000000005356
000000084890
000000250516
000000321476
000000284960
000000056134
000000188660
000000482810
000000536806
000000458846
000000366517
000000016775
000000069189
000000214131
000000227289
000000115718
000000500135
000000465975
000000234785
000000355582
000000324421
000000183154
000000457119
000000297166
000000503212
000000364549
000000067952
000000388293
000000532568
000000427165
000000141003
000000126701
000000254449
000000144620
000000128922
000000346266
000000153604
000000498796
000000197652
000000435010
000000058194
000000505058
000000132417
000000129786
000000005907
000000371958
000000481628
000000095441
000000129586
000000098601
000000117497
000000022174
000000259556
000000061850
000000195735
000000129141
000000297159
000000294875
000000369734
000000496578
000000173071
000000440894
000000161312
000000510913
000000024699
000000353898
000000467966
000000579543
000000012115
000000557047
000000530786
000000336147
000000523711
000000424718
000000482444
000000266228
000000271032
000000382182
000000244933
000000487504
000000099297
000000369321
000000538309
000000219177
000000036925
000000252599
000000095081
000000369296
000000315163
000000040455
000000009041
000000161470
000000205826
000000212382
000000258738
000000280347
000000385405
000000218268
000000576098
000000070178
000000573484
000000060828
000000531662
000000350789
000000155885
000000500468
000000382630
000000535160
000000333951
000000232483
000000559051
000000268388
000000473295
000000105686
000000294127
000000475169
000000516633
000000521921
000000340174
000000418144
000000111591
000000297980
000000267454
000000232455
000000102076
000000271987
000000504164
000000043580
000000498615
000000432763
000000534312
000000574087
000000143386
000000258285
000000554828
000000060774
000000326028
000000365677
000000316699
000000549501
000000397973
000000526663
000000219810
000000449071
000000141143
000000018022
000000539557
000000320275
000000226162
000000304314
000000472224
000000555843
000000232275
000000147646
000000482706
000000284676
000000267710
000000424300
000000348042
000000382005
000000532239
000000372308
000000192091
000000521721
000000110045
000000238003
000000419309
000000111788
000000318099
000000234211
000000085112
000000581815
000000105909
000000425184
000000209386
000000560037
000000142263
000000317557
000000090867
000000235522
000000056983
000000432994
000000322894
000000351852
000000471529
000000437597
000000137984
000000254082
000000047898
000000110724
000000193388
000000449471
000000017260
000000238005
000000034687
000000548791
000000413959
000000179963
000000080281
000000539791
000000446637
000000223545
000000509691
000000360332
000000567438
000000023954
000000316016
000000362783
000000101713
000000068821
000000468354
000000107766
000000193661
000000380101
000000068377
000000448278
000000327433
000000365358
000000498918
000000042165
000000440036
000000082627
000000097564
000000151655
000000564419
000000025895
000000424940
000000300307
000000518667
000000569505
000000305135
000000501646
000000507550
000000110581
000000181515
000000344197
000000219723
000000248236
000000001103
000000187574
000000288827
000000127259
000000514464
000000013671
000000467475
000000157037
000000046847
000000087216
000000109361
000000161022
000000402000
000000527337
000000021599
000000483442
000000212672
000000069536
000000425722
000000116123
000000002142
000000004283
000000344637
000000444487
000000563762
000000286614
000000310879
000000006709
000000256384
000000434028
000000305709
000000374696
000000433547
000000179875
000000148458
000000381186
000000407782
000000428761
000000183107
000000548095
000000049801
000000397135
000000198057
000000464033
000000578383
000000274084
000000126021
000000337802
000000299496
000000566341
000000487020
000000043530
000000202926
000000097211
